1,3
1,111
1,307
1,443
1,451
1,470
1,487
1,488
1,523
1,647
1,723
1,764
1,973
2,3
2,111
2,443
2,470
2,488
2,523
2,595
2,723
2,764
2,973
3,26
3,238
3,570
3,595
3,628
3,647
3,738
3,764
4,3
4,26
4,111
4,238
4,402
4,451
4,487
4,488
4,523
4,570
4,595
4,628
4,705
4,764
4,961
5,3
5,111
5,451
5,487
5,488
5,523
5,595
5,764
6,3
6,111
6,451
6,487
6,488
6,523
7,3
7,111
7,402
7,451
7,487
7,488
7,523
7,598
7,628
7,729
7,778
8,3
8,26
8,111
8,238
8,451
8,487
8,488
8,523
8,570
8,628
9,48
9,470
9,595
9,610
9,764
9,885
9,973
10,3
10,111
10,238
10,395
10,451
10,487
10,488
10,523
10,628
10,778
11,3
11,111
11,247
11,443
11,451
11,470
11,487
11,488
11,523
11,634
12,3
12,111
12,451
12,487
12,488
12,506
12,523
13,3
13,111
13,307
13,443
13,451
13,470
13,487
13,488
13,523
13,723
13,973
14,307
14,402
14,443
14,480
14,506
14,595
14,629
14,634
14,647
14,705
14,723
14,738
14,764
14,950
14,961
14,973
14,998
15,26
15,238
15,570
15,595
15,628
15,764
16,3
16,111
16,451
16,487
16,488
16,523
16,738
17,247
17,443
17,470
17,595
17,598
17,628
17,634
17,729
17,764
18,480
18,634
18,998
19,3
19,111
19,451
19,487
19,488
19,523
20,26
20,238
20,570
20,628
21,48
21,247
21,402
21,443
21,470
21,610
21,628
21,634
21,729
21,778
21,885
21,973
22,3
22,111
22,307
22,443
22,451
22,470
22,487
22,488
22,523
22,723
22,973
23,3
23,111
23,307
23,451
23,470
23,480
23,487
23,488
23,523
23,629
23,634
23,723
23,973
23,998
24,3
24,111
24,451
24,487
24,488
24,523
24,598
24,628
24,647
24,729
24,764
25,307
25,443
25,470
25,647
25,723
25,764
25,973
26,26
26,169
26,238
26,402
26,423
26,432
26,480
26,570
26,628
26,629
26,634
26,647
26,778
26,950
26,998
27,3
27,111
27,487
27,488
27,523
28,26
28,238
28,402
28,506
28,570
28,595
28,628
28,778
29,3
29,111
29,451
29,487
29,488
29,523
30,3
30,111
30,247
30,443
30,451
30,470
30,487
30,488
30,523
30,634
31,307
31,443
31,470
31,598
31,628
31,723
31,729
31,973
32,3
32,111
32,451
32,487
32,488
32,523
32,647
33,3
33,111
33,307
33,443
33,451
33,470
33,487
33,488
33,523
33,723
33,973
34,3
34,487
34,488
34,523
35,307
35,443
35,470
35,647
35,723
35,738
35,973
36,3
36,111
36,451
36,487
36,488
36,523
37,3
37,111
37,451
37,487
37,488
37,523
38,48
38,470
38,570
38,610
38,628
38,803
38,826
38,883
38,885
38,973
39,147
39,764
39,857
40,247
40,443
40,470
40,634
40,647
40,738
40,764
41,3
41,111
41,451
41,487
41,488
41,523
42,307
42,402
42,443
42,470
42,723
42,778
42,973
43,3
43,111
43,451
43,487
43,488
43,523
44,147
44,402
44,595
44,647
44,705
44,738
44,764
44,857
44,961
45,3
45,26
45,111
45,238
45,451
45,487
45,488
45,523
45,570
45,628
45,629
45,950
46,3
46,111
46,147
46,307
46,443
46,451
46,470
46,487
46,488
46,523
46,723
46,764
46,857
46,973
47,3
47,111
47,402
47,451
47,487
47,488
47,506
47,523
47,647
47,764
47,778
48,3
48,111
48,451
48,487
48,488
48,523
48,647
48,738
48,764
49,3
49,111
49,451
49,487
49,488
49,523
49,647
49,738
49,764
50,147
50,307
50,443
50,598
50,628
50,723
50,729
50,857
50,973
51,26
51,238
51,307
51,443
51,470
51,506
51,570
51,598
51,628
51,723
51,729
51,973
52,3
52,111
52,307
52,443
52,451
52,470
52,487
52,488
52,523
52,723
52,973
53,3
53,111
53,451
53,487
53,488
53,523
54,3
54,111
54,402
54,451
54,487
54,488
54,523
54,647
54,738
54,764
54,778
55,3
55,111
55,247
55,443
55,451
55,470
55,487
55,488
55,523
55,634
56,3
56,111
56,451
56,487
56,488
56,523
57,3
57,111
57,451
57,487
57,488
57,523
57,598
57,628
57,729
58,3
58,111
58,451
58,487
58,488
58,523
59,3
59,111
59,451
59,487
59,488
59,523
59,738
59,764
60,3
60,26
60,111
60,238
60,451
60,487
60,488
60,506
60,523
60,570
60,628
60,647
60,738
60,764
61,3
61,111
61,307
61,443
61,451
61,470
61,487
61,488
61,523
61,647
61,723
61,764
61,973
62,111
62,402
62,487
62,488
62,523
62,595
62,705
62,764
62,778
62,961
63,3
63,111
63,238
63,395
63,451
63,487
63,488
63,523
64,3
64,111
64,451
64,487
64,488
64,523
65,480
65,506
65,629
65,634
65,950
65,998
66,247
66,307
66,443
66,470
66,634
66,973
67,247
67,470
67,506
67,595
67,634
67,647
67,738
67,764
68,3
68,307
68,443
68,451
68,470
68,480
68,487
68,488
68,523
68,598
68,628
68,629
68,634
68,723
68,729
68,950
68,973
68,998
69,3
69,111
69,402
69,443
69,451
69,470
69,480
69,487
69,488
69,523
69,595
69,634
69,723
69,764
69,950
69,973
70,506
70,647
70,738
70,764
71,3
71,111
71,451
71,487
71,488
71,523
71,570
71,628
71,803
71,826
71,883
72,26
72,238
72,395
72,402
72,570
72,595
72,628
72,705
72,764
72,961
73,402
73,480
73,595
73,629
73,634
73,647
73,738
73,764
73,778
73,950
73,998
74,3
74,111
74,451
74,480
74,487
74,488
74,523
74,598
74,628
74,629
74,634
74,729
74,950
74,998
75,238
75,395
75,647
75,738
75,764
76,3
76,111
76,247
76,402
76,443
76,451
76,470
76,487
76,488
76,523
76,598
76,628
76,634
76,729
76,778
77,26
77,238
77,247
77,443
77,470
77,570
77,628
77,634
78,3
78,111
78,451
78,480
78,487
78,488
78,506
78,523
78,629
78,634
78,950
78,998
79,3
79,111
79,451
79,487
79,488
79,523
80,3
80,111
80,307
80,443
80,451
80,487
80,488
80,523
80,723
80,973
81,3
81,111
81,169
81,247
81,423
81,432
81,451
81,470
81,487
81,488
81,523
81,634
81,647
82,402
82,778
83,3
83,111
83,402
83,451
83,487
83,488
83,523
83,647
83,738
83,764
83,778
84,169
84,402
84,423
84,432
84,480
84,629
84,634
84,647
84,705
84,778
84,961
84,998
85,26
85,238
85,480
85,506
85,570
85,628
85,634
85,950
85,998
86,3
86,111
86,307
86,402
86,443
86,451
86,487
86,488
86,523
86,705
86,723
86,778
86,961
87,26
87,48
87,238
87,402
87,470
87,570
87,610
87,628
87,885
87,961
87,973
88,3
88,111
88,451
88,487
88,488
88,523
89,169
89,402
89,423
89,506
89,598
89,628
89,647
89,705
89,729
89,738
89,764
89,961
90,3
90,111
90,451
90,487
90,488
90,523
90,738
90,764
91,26
91,197
91,238
91,307
91,443
91,470
91,480
91,570
91,598
91,628
91,629
91,634
91,723
91,729
91,950
91,973
91,998
92,3
92,111
92,307
92,443
92,451
92,470
92,487
92,488
92,523
92,723
92,973
93,3
93,26
93,111
93,238
93,451
93,480
93,487
93,488
93,523
93,570
93,628
93,629
93,634
93,950
93,998
94,111
94,307
94,443
94,451
94,470
94,480
94,487
94,488
94,506
94,523
94,629
94,634
94,723
94,950
94,973
94,998
95,307
95,443
95,470
95,480
95,598
95,628
95,629
95,634
95,723
95,729
95,950
95,973
95,998
96,3
96,111
96,247
96,443
96,451
96,470
96,487
96,488
96,506
96,523
96,598
96,628
96,634
96,729
97,3
97,111
97,451
97,487
97,488
97,523
98,3
98,111
98,402
98,451
98,487
98,488
98,506
98,523
98,595
98,764
98,778
99,247
99,443
99,470
99,634
100,3
100,111
100,451
100,487
100,488
100,523
100,628
100,729
101,3
101,111
101,307
101,402
101,443
101,451
101,470
101,487
101,488
101,523
101,973
102,3
102,111
102,451
102,487
102,488
102,523
103,3
103,111
103,451
103,487
103,488
103,523
104,3
104,111
104,247
104,307
104,443
104,451
104,470
104,487
104,488
104,523
104,595
104,634
104,723
104,764
104,973
105,307
105,402
105,443
105,723
105,961
105,973
106,3
106,238
106,395
106,451
106,488
106,523
106,629
106,634
106,950
107,480
107,629
107,634
107,950
107,998
108,26
108,238
108,570
108,598
108,628
108,729
108,961
109,3
109,111
109,451
109,487
109,488
109,506
109,523
110,3
110,111
110,402
110,443
110,451
110,470
110,480
110,487
110,488
110,523
110,629
110,634
110,723
110,950
110,973
110,998
111,3
111,111
111,307
111,443
111,451
111,470
111,480
111,487
111,488
111,523
111,629
111,634
111,723
111,950
111,973
111,998
112,3
112,111
112,451
112,487
112,488
112,523
112,595
112,764
113,3
113,111
113,451
113,487
113,488
113,523
113,647
113,738
113,764
114,3
114,26
114,111
114,147
114,238
114,451
114,487
114,488
114,523
114,570
114,628
114,647
114,764
114,857
115,3
115,111
115,451
115,487
115,488
115,523
116,307
116,402
116,443
116,470
116,723
116,778
116,973
117,307
117,443
117,470
117,723
117,973
118,3
118,111
118,451
118,480
118,487
118,488
118,523
118,629
118,634
118,950
118,998
119,48
119,169
119,423
119,470
119,610
119,647
119,885
119,973
120,3
120,111
120,307
120,443
120,451
120,470
120,487
120,488
120,523
120,647
120,723
120,738
120,764
120,973
121,3
121,451
121,480
121,487
121,488
121,506
121,523
121,629
121,634
121,950
121,998
122,3
122,26
122,111
122,238
122,402
122,451
122,487
122,488
122,506
122,523
122,570
122,628
122,705
122,961
123,480
123,506
123,595
123,629
123,634
123,764
123,778
123,950
123,998
124,3
124,111
124,307
124,402
124,443
124,488
124,523
124,723
124,778
124,973
125,26
125,238
125,247
125,307
125,443
125,470
125,506
125,570
125,628
125,723
125,973
126,3
126,111
126,169
126,238
126,395
126,423
126,432
126,451
126,487
126,488
126,523
126,647
127,3
127,111
127,451
127,487
127,488
127,523
128,3
128,111
128,451
128,487
128,488
128,523
129,3
129,111
129,307
129,443
129,451
129,470
129,487
129,488
129,523
129,723
130,3
130,111
130,451
130,487
130,488
130,523
131,3
131,111
131,451
131,487
131,488
131,523
132,3
132,111
132,307
132,443
132,451
132,470
132,487
132,488
132,506
132,523
132,723
132,778
132,973
133,3
133,111
133,247
133,451
133,487
133,488
133,506
133,523
133,598
133,628
133,729
134,48
134,307
134,443
134,470
134,610
134,723
134,885
134,973
135,147
135,402
135,738
135,764
135,778
135,857
136,3
136,111
136,444
136,451
136,487
136,488
136,523
136,595
136,647
136,738
136,764
136,913
137,3
137,111
137,451
137,487
137,488
137,523
137,729
138,26
138,238
138,307
138,443
138,470
138,570
138,595
138,628
138,629
138,647
138,723
138,738
138,764
138,950
138,973
139,3
139,111
139,451
139,487
139,488
139,506
139,523
139,598
139,628
139,729
140,3
140,111
140,451
140,487
140,488
140,523
140,598
140,628
140,729
141,26
141,238
141,307
141,402
141,443
141,470
141,480
141,570
141,628
141,629
141,634
141,705
141,723
141,950
141,961
141,973
141,998
142,3
142,111
142,247
142,402
142,443
142,451
142,470
142,487
142,488
142,523
142,634
142,778
143,3
143,111
143,451
143,487
143,488
143,506
143,523
143,647
143,738
143,764
144,3
144,247
144,443
144,470
144,487
144,488
144,523
144,634
145,3
145,111
145,402
145,451
145,487
145,488
145,523
145,778
146,3
146,111
146,402
146,451
146,487
146,488
146,506
146,523
146,778
147,3
147,111
147,402
147,451
147,487
147,488
147,506
147,523
147,961
148,169
148,423
148,647
149,3
149,111
149,451
149,487
149,488
149,523
149,570
149,628
149,803
149,826
149,883
150,506
150,595
150,629
150,764
150,950
150,998
151,3
151,111
151,451
151,487
151,488
151,523
152,3
152,111
152,451
152,487
152,488
152,523
153,3
153,111
153,169
153,423
153,432
153,451
153,487
153,488
153,523
153,647
154,26
154,307
154,443
154,470
154,570
154,628
154,723
154,973
155,3
155,111
155,307
155,443
155,451
155,470
155,487
155,488
155,723
155,973
156,247
156,307
156,443
156,470
156,506
156,595
156,634
156,647
156,723
156,738
156,764
156,973
157,402
157,480
157,598
157,628
157,629
157,634
157,647
157,729
157,738
157,764
157,778
157,950
157,998
158,247
158,402
158,443
158,470
158,506
158,598
158,628
158,634
158,705
158,729
158,961
159,3
159,111
159,451
159,480
159,487
159,488
159,506
159,523
159,629
159,634
159,950
159,998
160,3
160,26
160,111
160,238
160,307
160,443
160,451
160,470
160,487
160,488
160,523
160,570
160,628
160,723
160,973
161,402
161,470
161,961
162,26
162,238
162,395
162,506
162,570
162,628
162,647
162,738
162,764
163,307
163,443
163,470
163,723
163,973
164,48
164,470
164,598
164,610
164,628
164,647
164,729
164,738
164,764
164,885
164,973
165,26
165,169
165,238
165,423
165,432
165,570
165,628
166,3
166,111
166,451
166,480
166,487
166,488
166,523
166,595
166,634
166,647
166,764
166,950
167,26
167,402
167,506
167,570
167,628
167,647
167,705
167,738
167,764
167,961
168,3
168,111
168,247
168,402
168,443
168,451
168,470
168,487
168,488
168,523
168,634
168,778
169,3
169,111
169,451
169,487
169,523
169,647
169,738
169,764
170,26
170,48
170,238
170,470
170,570
170,610
170,628
170,885
170,973
171,3
171,111
171,238
171,395
171,443
171,451
171,470
171,487
171,488
171,523
171,595
171,723
171,764
171,778
171,973
172,26
172,238
172,395
172,570
172,628
173,3
173,26
173,111
173,238
173,451
173,487
173,488
173,506
173,523
173,570
173,628
173,647
173,738
173,764
174,480
174,595
174,598
174,628
174,629
174,634
174,729
174,764
174,950
174,998
175,3
175,26
175,111
175,169
175,238
175,423
175,432
175,451
175,487
175,488
175,523
175,570
175,598
175,628
175,647
175,729
176,3
176,111
176,247
176,451
176,487
176,488
176,506
176,523
176,578
176,647
176,738
176,764
177,26
177,238
177,570
177,628
178,3
178,111
178,443
178,451
178,487
178,488
178,523
178,723
179,3
179,111
179,307
179,443
179,451
179,470
179,487
179,488
179,523
179,723
179,973
180,3
180,111
180,451
180,487
180,488
180,506
180,523
180,598
180,729
181,247
181,443
181,470
181,634
181,647
181,738
181,764
182,3
182,111
182,247
182,443
182,451
182,470
182,487
182,488
182,523
182,723
182,973
183,3
183,111
183,307
183,443
183,451
183,470
183,487
183,488
183,523
183,723
183,973
184,3
184,26
184,111
184,238
184,402
184,451
184,487
184,488
184,523
184,570
184,598
184,628
184,729
184,778
185,247
185,443
185,470
185,506
185,595
185,634
185,764
186,3
186,111
186,451
186,487
186,488
186,523
187,598
187,628
187,729
188,3
188,111
188,451
188,487
188,488
188,523
188,764
189,3
189,71
189,111
189,266
189,338
189,402
189,451
189,487
189,488
189,523
189,598
189,628
189,647
189,729
189,738
189,764
190,3
190,111
190,147
190,451
190,480
190,487
190,488
190,506
190,523
190,629
190,634
190,764
190,857
190,950
190,998
191,3
191,26
191,111
191,238
191,487
191,488
191,523
191,570
191,628
191,950
191,998
192,169
192,402
192,423
192,432
192,480
192,629
192,634
192,647
192,705
192,950
192,961
192,998
193,307
193,443
193,470
193,506
193,647
193,723
193,738
193,764
193,973
194,3
194,111
194,402
194,451
194,487
194,488
194,523
194,705
195,3
195,111
195,307
195,443
195,451
195,470
195,487
195,488
195,506
195,523
195,723
195,973
196,3
196,111
196,451
196,487
196,488
196,523
197,26
197,238
197,570
197,628
198,3
198,26
198,111
198,238
198,247
198,402
198,443
198,451
198,470
198,487
198,488
198,523
198,570
198,598
198,628
198,634
198,729
198,778
199,307
199,443
199,470
199,506
199,647
199,723
199,738
199,764
199,778
199,973
200,3
200,111
200,451
200,487
200,488
200,506
200,523
201,3
201,111
201,451
201,480
201,487
201,523
201,629
201,634
201,950
201,998
202,3
202,111
202,451
202,487
202,488
202,523
203,3
203,111
203,238
203,247
203,443
203,451
203,470
203,487
203,488
203,523
203,634
203,723
203,778
203,973
204,598
204,628
204,729
205,3
205,111
205,451
205,487
205,488
205,523
206,247
206,307
206,402
206,443
206,470
206,634
206,647
206,723
206,738
206,764
206,778
206,973
207,3
207,26
207,111
207,238
207,451
207,488
207,523
207,570
207,628
208,169
208,423
208,432
208,647
209,480
209,629
209,634
209,950
209,998
210,3
210,111
210,451
210,487
210,488
210,523
210,598
210,628
210,729
211,3
211,26
211,111
211,238
211,451
211,487
211,523
211,570
211,628
212,3
212,307
212,443
212,451
212,470
212,487
212,488
212,523
212,723
212,973
213,3
213,111
213,451
213,487
213,488
213,523
214,3
214,111
214,451
214,487
214,488
214,523
214,764
215,3
215,26
215,111
215,238
215,402
215,451
215,470
215,487
215,488
215,523
215,570
215,610
215,628
215,885
215,973
216,3
216,111
216,451
216,487
216,488
216,523
216,729
217,3
217,111
217,247
217,443
217,451
217,470
217,487
217,488
217,523
217,634
218,3
218,111
218,451
218,487
218,523
219,3
219,111
219,451
219,487
219,523
220,3
220,111
220,451
220,487
220,488
220,523
220,778
221,247
221,443
221,470
221,629
221,634
221,950
222,3
222,26
222,48
222,111
222,238
222,307
222,402
222,443
222,451
222,470
222,487
222,488
222,523
222,570
222,610
222,628
222,723
222,778
222,885
222,973
223,169
223,423
223,432
223,647
224,3
224,111
224,451
224,487
224,488
224,523
224,598
224,628
224,723
224,729
224,973
225,3
225,111
225,238
225,307
225,395
225,443
225,451
225,470
225,488
225,523
225,973
226,3
226,26
226,111
226,238
226,402
226,451
226,487
226,488
226,523
226,570
226,705
226,961
227,238
227,307
227,395
227,443
227,470
227,480
227,629
227,634
227,723
227,950
227,973
228,3
228,111
228,402
228,451
228,487
228,488
228,523
228,778
229,480
229,598
229,628
229,629
229,634
229,950
229,998
230,3
230,26
230,111
230,238
230,247
230,443
230,451
230,470
230,487
230,488
230,523
230,570
230,628
230,634
231,238
231,307
231,395
231,443
231,470
231,480
231,629
231,634
231,723
231,950
231,973
232,3
232,26
232,71
232,111
232,238
232,266
232,338
232,402
232,451
232,487
232,488
232,523
232,570
232,628
232,705
232,738
232,778
233,26
233,238
233,307
233,443
233,470
233,570
233,628
233,647
233,723
233,738
233,764
233,973
234,3
234,26
234,111
234,238
234,451
234,487
234,488
234,523
234,570
234,628
235,307
235,443
235,470
235,595
235,647
235,723
235,738
235,764
235,973
236,3
236,26
236,111
236,238
236,451
236,487
236,488
236,523
236,570
236,628
237,3
237,111
237,451
237,487
237,488
237,523
237,628
237,729
238,3
238,111
238,247
238,443
238,451
238,470
238,487
238,488
238,523
238,634
239,3
239,111
239,451
239,487
239,488
239,523
240,3
240,71
240,111
240,266
240,338
240,402
240,451
240,487
240,488
240,523
240,738
241,3
241,26
241,238
241,402
241,451
241,488
241,523
241,570
241,598
241,628
241,705
241,961
242,238
242,307
242,443
242,470
242,480
242,629
242,634
242,723
242,950
242,973
242,998
243,3
243,111
243,443
243,451
243,470
243,487
243,506
243,523
243,723
243,973
244,3
244,111
244,307
244,443
244,451
244,470
244,487
244,488
244,523
244,723
244,973
245,26
245,238
245,480
245,570
245,628
245,629
245,634
245,950
245,998
246,307
246,402
246,470
246,595
246,705
246,764
246,961
246,973
247,3
247,111
247,451
247,487
247,488
247,523
248,3
248,111
248,451
248,487
248,488
248,523
248,598
248,628
248,729
249,111
249,238
249,395
249,451
249,480
249,487
249,488
249,523
249,629
249,634
249,950
249,998
250,3
250,111
250,169
250,402
250,423
250,432
250,451
250,487
250,647
250,778
251,3
251,26
251,111
251,238
251,451
251,487
251,488
251,523
251,570
251,628
251,647
251,738
251,764
252,169
252,423
252,432
252,647
252,738
252,764
253,3
253,26
253,111
253,238
253,451
253,487
253,488
253,523
253,570
253,628
254,197
254,480
254,629
254,634
254,950
254,998
255,480
255,634
255,950
256,307
256,402
256,443
256,470
256,480
256,506
256,595
256,629
256,634
256,705
256,723
256,764
256,950
256,961
256,973
256,998
257,48
257,470
257,598
257,610
257,628
257,647
257,729
257,738
257,764
257,885
257,973
258,3
258,111
258,451
258,480
258,487
258,488
258,523
258,629
258,634
258,950
258,998
259,3
259,111
259,451
259,487
259,488
259,523
260,3
260,48
260,111
260,402
260,451
260,470
260,487
260,488
260,523
260,610
260,738
260,764
260,778
260,885
260,973
261,3
261,111
261,402
261,451
261,487
261,488
261,523
261,705
261,961
262,111
262,307
262,443
262,451
262,470
262,487
262,488
262,523
262,595
262,764
262,973
263,111
263,451
263,487
263,488
263,523
263,598
263,628
263,729
263,778
264,111
264,451
264,487
264,488
264,523
264,598
264,628
264,647
264,729
264,764
265,3
265,307
265,451
265,470
265,487
265,488
265,506
265,598
265,628
265,723
265,729
265,973
266,3
266,111
266,451
266,487
266,488
266,523
266,647
266,764
267,3
267,111
267,451
267,487
267,488
267,523
267,647
267,738
267,764
268,3
268,111
268,451
268,487
268,488
268,523
269,247
269,402
269,443
269,470
269,629
269,634
269,778
269,950
269,998
270,3
270,111
270,451
270,480
270,487
270,488
270,523
270,629
270,634
270,950
271,3
271,111
271,402
271,451
271,487
271,488
271,523
271,961
272,3
272,111
272,451
272,480
272,487
272,488
272,523
272,634
272,647
272,738
272,764
272,998
273,3
273,111
273,307
273,402
273,443
273,451
273,470
273,487
273,488
273,523
273,705
273,723
273,961
273,973
274,402
274,480
274,629
274,634
274,647
274,738
274,764
274,778
274,950
274,998
275,26
275,238
275,247
275,443
275,470
275,570
275,598
275,628
275,629
275,634
275,729
275,998
276,480
276,634
276,950
276,998
277,3
277,48
277,111
277,451
277,470
277,487
277,488
277,523
277,610
277,885
277,973
278,307
278,402
278,443
278,470
278,647
278,705
278,723
278,764
278,961
278,973
279,3
279,111
279,451
279,480
279,487
279,488
279,523
279,629
279,634
279,950
279,998
280,247
280,307
280,443
280,470
280,480
280,629
280,634
280,723
280,950
280,973
280,998
281,3
281,26
281,111
281,238
281,451
281,487
281,488
281,506
281,523
281,570
281,628
282,307
282,443
282,470
282,598
282,628
282,647
282,723
282,729
282,738
282,764
282,973
283,247
283,443
283,470
283,634
283,647
283,738
283,764
284,3
284,26
284,111
284,238
284,451
284,487
284,488
284,523
284,570
284,628
285,3
285,26
285,111
285,238
285,247
285,443
285,451
285,470
285,487
285,488
285,523
285,570
285,628
285,634
286,238
286,307
286,395
286,443
286,470
286,480
286,629
286,950
286,973
286,998
287,3
287,111
287,451
287,480
287,487
287,488
287,523
287,629
287,634
287,950
287,998
288,3
288,26
288,111
288,238
288,451
288,487
288,488
288,523
288,570
288,628
288,647
288,764
289,3
289,111
289,247
289,443
289,451
289,470
289,488
289,523
289,634
289,764
290,480
290,506
290,570
290,628
290,629
290,634
290,803
290,826
290,883
290,950
290,998
291,3
291,111
291,307
291,443
291,451
291,470
291,487
291,488
291,523
291,598
291,628
291,723
291,729
291,973
292,3
292,111
292,307
292,443
292,451
292,470
292,480
292,487
292,488
292,523
292,598
292,628
292,629
292,634
292,723
292,729
292,950
292,973
292,998
293,247
293,443
293,470
293,634
294,26
294,238
294,307
294,443
294,470
294,570
294,628
294,723
294,973
295,307
295,443
295,470
295,598
295,628
295,723
295,973
296,3
296,111
296,451
296,487
296,488
296,523
296,598
296,729
297,3
297,111
297,451
297,487
297,488
297,523
298,3
298,26
298,111
298,238
298,247
298,443
298,451
298,470
298,487
298,488
298,523
298,628
298,634
299,26
299,238
299,307
299,443
299,470
299,570
299,628
299,723
299,973
300,3
300,111
300,307
300,443
300,451
300,470
300,487
300,488
300,523
300,598
300,628
300,723
300,729
300,973
301,3
301,111
301,451
301,487
301,488
301,523
301,595
301,764
302,3
302,26
302,111
302,238
302,451
302,487
302,488
302,506
302,523
302,570
302,595
302,628
302,764
303,3
303,26
303,238
303,402
303,451
303,487
303,488
303,523
303,570
303,628
303,778
304,3
304,111
304,451
304,487
304,488
304,523
305,3
305,111
305,451
305,480
305,487
305,488
305,523
305,629
305,634
305,950
305,998
306,3
306,111
306,451
306,487
306,488
306,523
306,764
307,26
307,238
307,506
307,570
307,628
307,764
308,307
308,443
308,470
308,647
308,723
308,738
308,764
308,973
309,26
309,238
309,307
309,443
309,470
309,570
309,628
309,723
309,764
309,973
310,247
310,443
310,470
310,634
311,3
311,111
311,307
311,443
311,451
311,470
311,487
311,488
311,523
311,647
311,723
311,738
311,764
311,973
312,169
312,423
312,432
312,480
312,629
312,634
312,647
312,950
312,998
313,3
313,26
313,111
313,238
313,307
313,443
313,451
313,470
313,487
313,488
313,506
313,523
313,570
313,578
313,628
313,723
313,973
314,480
314,629
314,634
314,950
314,998
315,238
315,395
315,480
315,570
315,628
315,629
315,634
315,803
315,826
315,883
315,950
315,998
316,402
316,423
316,432
316,647
316,723
316,738
316,764
316,778
316,973
317,26
317,238
317,570
317,628
318,3
318,111
318,487
318,488
318,523
319,3
319,111
319,307
319,443
319,451
319,470
319,487
319,523
319,723
319,973
320,3
320,26
320,111
320,238
320,307
320,443
320,451
320,470
320,487
320,488
320,523
320,570
320,595
320,628
320,723
320,764
321,402
321,598
321,628
321,729
322,26
322,238
322,570
322,598
322,628
322,729
322,764
323,3
323,111
323,451
323,487
323,488
323,523
324,111
324,402
324,451
324,487
324,488
324,523
324,647
324,738
324,778
325,26
325,238
325,247
325,402
325,443
325,470
325,570
325,628
325,634
325,778
326,3
326,111
326,451
326,487
326,488
326,523
327,3
327,111
327,238
327,402
327,451
327,488
327,523
328,3
328,111
328,247
328,307
328,402
328,443
328,451
328,470
328,487
328,488
328,523
328,634
328,723
328,778
328,973
329,3
329,111
329,247
329,307
329,402
329,443
329,451
329,470
329,480
329,487
329,488
329,523
329,629
329,634
329,723
329,778
329,961
329,973
329,998
330,3
330,111
330,238
330,395
330,451
330,487
330,488
330,506
330,523
330,705
330,961
331,247
331,443
331,470
331,480
331,598
331,628
331,629
331,634
331,729
331,950
331,998
332,3
332,26
332,111
332,238
332,451
332,487
332,488
332,523
332,570
332,628
332,647
333,3
333,111
333,451
333,488
333,523
334,3
334,111
334,451
334,488
334,523
335,307
335,470
335,480
335,506
335,634
335,723
335,950
335,973
336,247
336,402
336,443
336,470
336,506
336,634
336,723
336,778
336,973
337,3
337,111
337,443
337,451
337,470
337,487
337,488
337,523
337,723
337,973
338,3
338,111
338,451
338,480
338,487
338,488
338,523
338,629
338,634
338,950
338,998
339,3
339,111
339,402
339,451
339,487
339,488
339,523
339,778
340,402
340,506
340,570
340,628
340,634
340,705
340,803
340,826
340,883
340,961
341,3
341,111
341,451
341,487
341,488
341,523
341,647
341,738
341,764
342,3
342,111
342,247
342,443
342,451
342,470
342,487
342,488
342,523
342,634
343,26
343,238
343,307
343,443
343,570
343,595
343,628
343,723
343,764
343,973
344,3
344,111
344,451
344,487
344,488
344,523
344,629
344,634
344,950
345,307
345,470
345,723
345,973
346,307
346,443
346,470
346,723
346,973
347,26
347,238
347,423
347,432
347,570
347,598
347,628
347,647
347,729
348,480
348,629
348,634
348,950
348,998
349,3
349,111
349,451
349,487
349,488
349,523
349,764
350,3
350,26
350,111
350,238
350,247
350,451
350,487
350,488
350,506
350,523
350,570
350,578
350,598
350,628
351,570
351,628
351,803
351,826
351,883
352,3
352,111
352,307
352,443
352,451
352,470
352,487
352,488
352,523
352,723
353,3
353,111
353,247
353,451
353,487
353,488
353,506
353,523
353,578
353,598
353,628
353,729
354,598
354,628
354,629
354,634
354,729
354,950
354,998
355,71
355,169
355,266
355,338
355,402
355,423
355,432
355,506
355,647
355,738
355,764
356,26
356,238
356,570
356,628
357,3
357,111
357,451
357,487
357,488
357,523
358,26
358,238
358,570
358,628
359,3
359,111
359,451
359,480
359,487
359,488
359,523
359,629
359,634
359,950
360,26
360,238
360,443
360,470
360,570
360,628
360,629
360,634
360,723
360,950
360,973
361,3
361,111
361,402
361,451
361,487
361,488
361,506
361,523
361,778
362,307
362,443
362,634
362,723
362,950
362,973
363,3
363,26
363,111
363,238
363,451
363,487
363,488
363,523
363,570
363,628
364,3
364,26
364,111
364,238
364,451
364,480
364,487
364,488
364,506
364,523
364,570
364,628
364,629
364,634
364,723
364,950
364,973
364,998
365,3
365,111
365,451
365,487
365,488
365,523
365,647
365,738
366,26
366,238
366,570
366,628
367,3
367,111
367,338
367,402
367,451
367,487
367,488
367,523
368,3
368,26
368,71
368,111
368,238
368,266
368,338
368,402
368,451
368,487
368,488
368,523
368,570
368,628
368,738
369,3
369,26
369,238
369,451
369,487
369,488
369,523
369,570
369,628
370,3
370,48
370,111
370,451
370,470
370,487
370,488
370,506
370,523
370,610
370,764
370,885
370,973
371,480
371,598
371,628
371,629
371,634
371,729
371,950
372,3
372,26
372,111
372,197
372,238
372,444
372,451
372,487
372,488
372,523
372,570
372,595
372,628
372,764
372,913
373,307
373,443
373,470
373,595
373,723
373,764
373,973
374,307
374,443
374,506
374,598
374,628
374,634
374,723
374,729
374,973
374,998
375,3
375,111
375,451
375,487
375,488
375,523
376,111
376,307
376,487
376,488
376,523
376,723
376,973
377,3
377,111
377,402
377,451
377,487
377,488
377,506
377,523
377,778
378,443
378,470
378,480
378,629
378,634
378,723
378,950
378,998
379,3
379,111
379,307
379,443
379,451
379,487
379,488
379,506
379,523
379,647
379,723
379,738
379,973
380,3
380,111
380,451
380,487
380,488
380,523
381,26
381,238
381,570
381,628
382,307
382,443
382,470
382,480
382,595
382,598
382,628
382,634
382,723
382,729
382,764
382,973
383,3
383,111
383,451
383,487
383,488
383,523
383,598
383,628
383,729
384,3
384,48
384,111
384,169
384,423
384,451
384,470
384,487
384,488
384,523
384,610
384,647
384,885
384,973
385,3
385,111
385,402
385,451
385,487
385,488
385,523
385,705
385,961
386,3
386,26
386,111
386,238
386,451
386,487
386,488
386,523
386,570
386,628
387,26
387,147
387,238
387,570
387,628
387,857
388,3
388,26
388,48
388,111
388,238
388,451
388,470
388,487
388,488
388,506
388,523
388,570
388,610
388,628
388,647
388,764
388,885
388,973
389,3
389,26
389,111
389,238
389,443
389,451
389,487
389,488
389,523
389,570
389,628
389,723
389,973
390,26
390,169
390,238
390,423
390,432
390,506
390,570
390,598
390,628
390,647
391,26
391,238
391,247
391,443
391,470
391,506
391,570
391,598
391,628
391,634
391,729
392,147
392,307
392,443
392,470
392,480
392,629
392,634
392,723
392,764
392,857
392,950
392,973
392,998
393,3
393,111
393,247
393,443
393,451
393,470
393,487
393,488
393,523
393,634
394,3
394,111
394,451
394,487
394,488
394,523
395,26
395,238
395,570
395,628
395,647
395,738
395,764
396,3
396,111
396,451
396,487
396,488
396,523
396,598
396,628
396,729
397,26
397,238
397,402
397,480
397,570
397,598
397,628
397,629
397,634
397,705
397,729
397,950
397,961
397,998
398,3
398,111
398,307
398,443
398,451
398,470
398,487
398,488
398,523
398,723
398,973
399,3
399,111
399,451
399,487
399,488
399,523
399,595
399,764
400,307
400,443
400,470
400,595
400,647
400,723
400,764
400,973
401,3
401,111
401,247
401,307
401,443
401,451
401,470
401,480
401,487
401,488
401,523
401,629
401,634
401,723
401,950
401,973
401,998
402,3
402,111
402,238
402,395
402,451
402,487
402,488
402,523
403,3
403,111
403,307
403,443
403,451
403,470
403,487
403,488
403,523
403,598
403,628
403,723
403,729
403,973
404,3
404,111
404,402
404,451
404,487
404,488
404,523
404,598
404,628
404,729
404,778
405,26
405,238
405,247
405,506
405,570
405,578
405,595
405,598
405,628
405,647
405,729
405,738
405,764
406,3
406,451
406,487
406,488
406,523
407,3
407,111
407,238
407,402
407,451
407,470
407,487
407,488
407,523
407,723
407,778
408,3
408,111
408,247
408,443
408,451
408,470
408,487
408,488
408,523
408,634
409,247
409,443
409,470
409,595
409,634
409,764
410,3
410,111
410,451
410,480
410,487
410,488
410,523
410,595
410,629
410,634
410,764
410,950
410,998
411,3
411,111
411,307
411,443
411,487
411,488
411,523
411,723
411,778
411,973
412,3
412,26
412,111
412,238
412,451
412,487
412,488
412,523
412,570
412,628
412,647
412,738
412,764
413,26
413,197
413,238
413,402
413,570
413,628
413,634
413,647
413,738
413,764
413,778
413,998
414,3
414,111
414,247
414,402
414,443
414,451
414,480
414,487
414,488
414,506
414,523
414,629
414,634
414,778
414,950
414,998
415,3
415,26
415,111
415,238
415,451
415,487
415,488
415,523
415,570
415,598
415,628
415,729
416,3
416,111
416,402
416,451
416,480
416,487
416,488
416,523
416,629
416,634
416,647
416,738
416,764
416,778
416,998
417,3
417,111
417,451
417,487
417,488
417,523
417,634
417,950
417,998
418,26
418,238
418,480
418,570
418,628
418,629
418,634
418,950
418,998
419,480
419,629
419,634
419,647
419,738
419,764
419,950
419,998
420,3
420,111
420,247
420,443
420,451
420,470
420,488
420,523
420,595
420,634
420,647
420,764
420,778
421,3
421,111
421,247
421,443
421,451
421,470
421,487
421,488
421,523
421,634
422,307
422,402
422,443
422,470
422,595
422,705
422,723
422,764
422,961
422,973
423,247
423,470
423,598
423,628
423,634
423,647
423,729
423,738
423,764
424,3
424,111
424,307
424,443
424,451
424,487
424,488
424,523
424,723
424,973
425,3
425,26
425,111
425,238
425,247
425,443
425,451
425,470
425,487
425,488
425,523
425,570
425,628
425,634
426,3
426,111
426,402
426,451
426,487
426,488
426,523
426,778
427,480
427,634
427,950
427,998
428,3
428,26
428,111
428,238
428,423
428,432
428,451
428,487
428,488
428,523
428,628
428,647
429,307
429,443
429,470
429,723
429,973
430,3
430,451
430,487
430,488
430,523
431,307
431,443
431,470
431,723
431,973
432,3
432,111
432,451
432,487
432,488
432,523
432,598
432,628
432,647
432,729
432,738
432,764
433,3
433,111
433,451
433,487
433,488
433,523
433,598
433,628
433,647
433,729
433,738
433,764
434,238
434,570
434,598
434,628
434,729
434,778
435,3
435,111
435,402
435,451
435,487
435,488
435,506
435,523
435,570
435,578
435,598
435,628
435,729
435,803
435,826
435,883
436,3
436,26
436,111
436,238
436,451
436,487
436,488
436,523
436,570
436,595
436,628
436,764
437,3
437,111
437,307
437,402
437,443
437,451
437,470
437,487
437,488
437,523
437,723
437,778
437,973
438,3
438,111
438,451
438,480
438,487
438,488
438,523
438,634
438,950
439,247
439,470
439,480
439,570
439,628
439,629
439,634
439,803
439,826
439,883
439,950
439,998
440,3
440,111
440,451
440,487
440,488
440,523
441,26
441,238
441,307
441,402
441,443
441,470
441,570
441,628
441,723
441,778
441,973
442,3
442,26
442,111
442,238
442,451
442,487
442,488
442,523
442,598
442,628
442,729
443,3
443,111
443,451
443,487
443,488
443,523
443,647
443,738
443,764
444,111
444,451
444,487
444,488
444,523
445,3
445,111
445,451
445,487
445,488
445,523
445,598
445,628
445,729
446,3
446,26
446,111
446,238
446,307
446,443
446,451
446,470
446,487
446,488
446,506
446,523
446,570
446,598
446,628
446,647
446,723
446,729
446,764
446,973
447,3
447,111
447,247
447,307
447,443
447,451
447,470
447,487
447,488
447,523
447,634
447,723
447,973
448,3
448,26
448,238
448,451
448,487
448,488
448,523
448,570
448,628
449,423
449,432
450,3
450,402
450,451
450,487
450,488
450,523
450,647
450,705
450,764
450,961
451,402
451,480
451,506
451,629
451,634
451,705
451,950
451,961
451,998
452,3
452,111
452,451
452,487
452,488
452,523
453,307
453,443
453,723
453,973
454,3
454,26
454,111
454,238
454,402
454,451
454,487
454,488
454,506
454,523
454,570
454,628
454,705
454,961
455,26
455,238
455,395
455,570
455,598
455,628
455,647
455,729
455,764
456,3
456,26
456,111
456,238
456,451
456,487
456,523
456,570
456,628
457,307
457,443
457,470
457,647
457,723
457,738
457,764
457,973
458,169
458,402
458,423
458,432
458,647
458,738
459,26
459,147
459,238
459,628
459,764
459,778
459,857
460,26
460,238
460,247
460,443
460,470
460,570
460,628
460,634
461,3
461,111
461,169
461,247
461,423
461,432
461,451
461,470
461,487
461,488
461,523
461,634
461,647
462,3
462,111
462,238
462,307
462,395
462,402
462,443
462,451
462,470
462,487
462,488
462,506
462,523
462,723
462,778
462,973
463,3
463,111
463,307
463,443
463,451
463,470
463,487
463,488
463,506
463,523
463,723
463,973
464,147
464,402
464,764
464,778
464,857
465,3
465,111
465,451
465,480
465,487
465,488
465,523
465,629
465,634
465,950
465,998
466,3
466,26
466,111
466,238
466,451
466,487
466,488
466,523
466,570
466,628
467,3
467,111
467,451
467,487
467,488
467,523
467,595
467,764
468,3
468,111
468,451
468,487
468,488
468,523
469,3
469,111
469,443
469,451
469,470
469,487
469,488
469,523
469,595
469,723
469,973
470,307
470,402
470,443
470,470
470,723
470,778
470,973
471,3
471,111
471,451
471,487
471,488
471,523
472,247
472,443
472,470
472,480
472,629
472,634
472,950
472,998
473,3
473,111
473,147
473,451
473,487
473,488
473,506
473,523
473,764
473,857
474,3
474,111
474,451
474,487
474,488
474,523
474,595
474,764
475,26
475,402
475,570
475,595
475,628
475,705
475,764
475,961
476,197
476,402
476,598
476,628
476,729
476,778
476,998
477,443
477,470
477,634
478,3
478,111
478,451
478,480
478,487
478,488
478,523
478,595
478,629
478,634
478,764
478,950
478,998
479,3
479,111
479,451
479,487
479,488
479,506
479,523
479,598
479,628
479,647
479,729
479,764
480,3
480,111
480,443
480,451
480,470
480,487
480,488
480,523
480,647
480,764
480,973
481,3
481,111
481,451
481,487
481,488
481,506
481,523
482,26
482,238
482,402
482,480
482,506
482,570
482,628
482,629
482,634
482,705
482,950
482,961
482,998
483,3
483,111
483,451
483,487
483,488
483,523
484,3
484,26
484,111
484,238
484,451
484,487
484,488
484,523
484,570
484,628
485,3
485,111
485,169
485,307
485,423
485,432
485,443
485,451
485,470
485,480
485,487
485,488
485,523
485,598
485,628
485,629
485,634
485,647
485,723
485,729
485,950
485,973
485,998
486,26
486,48
486,238
486,470
486,570
486,628
486,973
487,26
487,238
487,570
487,628
488,3
488,26
488,111
488,238
488,402
488,451
488,487
488,488
488,523
488,595
488,628
488,764
488,778
489,3
489,26
489,111
489,238
489,395
489,402
489,451
489,487
489,488
489,523
489,570
489,628
489,647
489,738
489,764
490,3
490,111
490,402
490,451
490,487
490,488
490,523
490,647
490,738
490,778
491,26
491,238
491,570
491,628
492,480
492,629
492,634
492,950
492,998
493,307
493,443
493,470
493,723
493,973
494,26
494,402
494,480
494,570
494,595
494,628
494,629
494,634
494,705
494,950
494,961
494,998
495,26
495,238
495,247
495,506
495,570
495,578
495,595
495,628
495,764
496,3
496,111
496,451
496,487
496,488
496,523
496,647
496,738
496,764
497,3
497,111
497,147
497,443
497,451
497,470
497,487
497,488
497,523
497,764
497,857
498,3
498,111
498,147
498,247
498,443
498,451
498,470
498,487
498,488
498,523
498,634
498,647
498,705
498,764
498,857
498,961
499,3
499,111
499,307
499,443
499,451
499,480
499,487
499,488
499,506
499,523
499,595
499,629
499,634
499,723
499,950
499,998
500,26
500,71
500,238
500,266
500,307
500,338
500,402
500,443
500,470
500,570
500,598
500,628
500,723
500,729
501,3
501,111
501,197
501,451
501,487
501,488
501,523
501,634
501,998
502,3
502,26
502,111
502,238
502,451
502,487
502,488
502,523
502,570
502,628
502,629
502,634
502,950
502,998
503,402
503,598
503,628
503,647
503,729
503,738
503,764
503,778
504,3
504,111
504,451
504,487
504,488
504,523
505,307
505,443
505,470
505,480
505,629
505,634
505,723
505,950
505,973
505,998
506,26
506,238
506,402
506,570
506,628
506,961
507,402
507,595
507,764
507,778
508,3
508,111
508,451
508,487
508,488
508,523
508,595
509,480
509,598
509,628
509,629
509,634
509,729
509,950
510,307
510,443
510,470
510,480
510,506
510,629
510,634
510,723
510,950
510,973
510,998
511,3
511,111
511,451
511,487
511,488
511,523
511,595
511,764
512,26
512,238
512,570
512,628
513,3
513,111
513,451
513,480
513,487
513,488
513,506
513,523
513,629
513,634
513,950
514,3
514,111
514,402
514,451
514,487
514,488
514,523
514,598
514,628
514,729
514,778
515,3
515,26
515,111
515,238
515,451
515,487
515,488
515,523
515,570
515,595
515,628
515,764
516,3
516,111
516,307
516,451
516,470
516,480
516,487
516,488
516,523
516,629
516,634
516,723
516,950
516,973
516,998
517,3
517,111
517,451
517,470
517,487
517,488
517,523
517,723
517,973
518,3
518,111
518,147
518,402
518,451
518,487
518,488
518,523
518,598
518,628
518,729
518,738
518,764
518,778
518,857
519,3
519,26
519,111
519,238
519,451
519,487
519,488
519,523
519,570
519,628
520,3
520,111
520,487
520,488
520,523
521,595
521,629
521,634
521,764
521,950
521,998
522,3
522,247
522,307
522,443
522,451
522,470
522,487
522,488
522,506
522,523
522,578
522,598
522,628
522,723
522,729
522,764
522,973
523,598
523,628
523,729
523,764
524,3
524,111
524,451
524,480
524,487
524,488
524,523
524,634
524,950
524,998
525,3
525,111
525,451
525,480
525,487
525,488
525,523
525,629
525,634
525,764
525,950
525,998
526,3
526,111
526,147
526,247
526,443
526,451
526,470
526,480
526,488
526,523
526,598
526,628
526,629
526,634
526,729
526,764
526,857
526,950
526,998
527,3
527,111
527,451
527,487
527,488
527,523
528,3
528,26
528,111
528,238
528,402
528,451
528,487
528,488
528,523
528,570
528,595
528,628
528,764
528,778
529,48
529,470
529,610
529,885
529,973
530,3
530,111
530,451
530,487
530,488
530,523
531,3
531,111
531,451
531,487
531,523
532,3
532,111
532,451
532,487
532,488
532,523
533,3
533,111
533,451
533,487
533,488
533,523
534,3
534,48
534,111
534,451
534,470
534,487
534,488
534,523
534,610
534,885
534,973
535,3
535,111
535,451
535,480
535,487
535,488
535,506
535,523
535,629
535,634
535,950
535,998
536,3
536,451
536,487
536,488
536,523
536,595
536,647
536,738
536,764
537,3
537,111
537,451
537,487
537,488
537,506
537,523
538,3
538,111
538,247
538,402
538,443
538,451
538,470
538,487
538,488
538,523
538,634
538,778
539,3
539,111
539,451
539,488
539,506
539,523
539,598
539,628
539,647
539,729
539,738
539,764
540,402
540,705
540,961
541,247
541,307
541,402
541,443
541,470
541,598
541,628
541,634
541,723
541,729
541,778
541,973
542,26
542,238
542,247
542,443
542,470
542,480
542,570
542,628
542,629
542,634
542,950
542,998
543,238
543,395
543,443
543,506
543,595
543,647
543,738
543,764
543,973
544,307
544,443
544,470
544,595
544,723
544,973
545,3
545,48
545,111
545,238
545,395
545,451
545,487
545,488
545,523
545,610
545,885
545,973
546,402
546,705
546,961
547,3
547,111
547,451
547,487
547,488
547,523
548,3
548,111
548,147
548,451
548,487
548,488
548,523
548,598
548,628
548,729
548,764
548,857
549,443
549,470
549,506
549,723
549,973
550,3
550,111
550,451
550,487
550,488
550,523
551,3
551,111
551,307
551,443
551,451
551,470
551,487
551,488
551,523
551,723
551,973
552,26
552,238
552,570
552,628
553,3
553,48
553,111
553,451
553,470
553,487
553,488
553,523
553,610
553,885
553,973
554,3
554,111
554,238
554,395
554,451
554,487
554,488
554,523
554,598
554,628
554,647
554,729
554,764
555,48
555,470
555,595
555,610
555,628
555,729
555,764
555,885
555,950
555,973
556,26
556,238
556,480
556,570
556,628
556,629
556,634
556,950
556,998
557,3
557,111
557,451
557,470
557,487
557,488
557,523
557,723
557,973
558,3
558,111
558,307
558,443
558,451
558,470
558,487
558,488
558,523
558,723
558,973
559,147
559,238
559,395
559,506
559,764
559,857
560,3
560,111
560,451
560,487
560,488
560,523
561,307
561,402
561,443
561,470
561,723
561,778
561,973
562,3
562,111
562,247
562,307
562,443
562,451
562,470
562,487
562,488
562,506
562,523
562,723
562,973
563,26
563,238
563,307
563,443
563,470
563,570
563,628
563,647
563,723
563,738
563,764
563,973
564,3
564,111
564,451
564,487
564,488
564,523
564,598
564,628
564,729
565,3
565,111
565,402
565,451
565,488
565,506
565,523
565,647
565,738
565,764
565,961
566,3
566,111
566,451
566,487
566,488
566,523
567,3
567,111
567,451
567,487
567,488
567,523
568,3
568,111
568,451
568,487
568,488
568,523
568,598
568,628
568,729
569,3
569,26
569,111
569,402
569,451
569,480
569,487
569,488
569,523
569,628
569,629
569,634
569,764
569,950
569,998
570,3
570,111
570,247
570,307
570,443
570,451
570,470
570,487
570,488
570,523
570,634
570,723
570,973
571,3
571,111
571,197
571,451
571,487
571,488
571,506
571,523
571,634
571,998
572,3
572,111
572,402
572,451
572,487
572,488
572,506
572,523
572,598
572,628
572,729
572,778
573,3
573,111
573,487
573,488
573,523
573,778
574,3
574,111
574,451
574,480
574,487
574,488
574,523
574,634
574,950
574,998
575,598
575,628
575,729
576,247
576,307
576,402
576,443
576,470
576,506
576,634
576,705
576,723
576,961
576,973
577,3
577,111
577,402
577,487
577,488
577,506
577,523
577,705
577,961
578,307
578,443
578,480
578,629
578,634
578,723
578,950
578,973
578,998
579,307
579,443
579,470
579,480
579,595
579,629
579,634
579,723
579,764
579,950
579,973
579,998
580,3
580,111
580,451
580,480
580,487
580,488
580,506
580,523
580,629
580,634
580,950
580,998
581,48
581,307
581,443
581,470
581,506
581,610
581,885
582,3
582,26
582,111
582,238
582,451
582,480
582,487
582,488
582,523
582,570
582,628
582,629
582,634
583,3
583,26
583,71
583,111
583,238
583,266
583,402
583,451
583,487
583,488
583,523
583,570
583,628
583,738
584,3
584,111
584,247
584,443
584,451
584,470
584,487
584,488
584,523
584,570
584,628
584,634
584,803
584,826
584,883
585,3
585,111
585,451
585,480
585,487
585,488
585,506
585,523
585,634
585,950
585,998
586,3
586,111
586,451
586,487
586,488
586,523
586,595
586,647
586,738
586,764
587,3
587,111
587,169
587,423
587,432
587,451
587,487
587,488
587,506
587,523
587,647
588,3
588,111
588,451
588,487
588,488
588,523
589,3
589,111
589,402
589,451
589,487
589,488
589,523
589,595
589,764
589,778
590,238
590,247
590,395
590,443
590,480
590,634
590,950
590,998
591,3
591,111
591,307
591,443
591,451
591,470
591,487
591,488
591,523
591,723
591,973
592,3
592,111
592,451
592,487
592,506
592,523
593,3
593,111
593,402
593,451
593,487
593,488
593,523
594,402
594,480
594,629
594,634
594,647
594,738
594,764
594,778
594,950
594,998
595,3
595,111
595,451
595,480
595,523
595,595
595,629
595,634
595,950
595,998
596,3
596,26
596,111
596,238
596,451
596,487
596,488
596,570
596,598
596,628
596,729
597,3
597,111
597,402
597,451
597,487
597,488
597,523
597,595
597,764
597,778
598,3
598,111
598,197
598,451
598,487
598,488
598,523
598,634
598,998
599,3
599,111
599,247
599,443
599,451
599,470
599,480
599,487
599,488
599,523
599,629
599,634
599,764
599,950
599,998
600,3
600,111
600,451
600,487
600,488
600,523
600,598
600,628
600,729
601,3
601,26
601,111
601,238
601,247
601,443
601,451
601,470
601,487
601,488
601,506
601,523
601,570
601,628
601,634
602,26
602,238
602,506
602,570
602,628
603,3
603,111
603,147
603,402
603,451
603,487
603,488
603,523
603,647
603,738
603,764
603,778
603,857
604,3
604,111
604,247
604,451
604,480
604,487
604,488
604,523
604,578
604,595
604,629
604,634
604,764
604,950
604,998
605,480
605,629
605,647
605,738
605,764
605,950
605,998
606,402
607,3
607,111
607,451
607,487
607,488
607,523
608,3
608,111
608,247
608,443
608,451
608,487
608,488
608,523
608,634
609,26
609,238
609,451
609,487
609,488
609,523
609,570
609,598
609,628
609,705
609,729
609,961
610,3
610,111
610,247
610,443
610,451
610,470
610,487
610,488
610,523
610,634
611,3
611,111
611,238
611,395
611,451
611,487
611,488
611,523
612,570
612,595
612,628
612,764
612,803
612,826
612,883
613,307
613,443
613,470
613,723
613,973
614,3
614,111
614,169
614,307
614,423
614,432
614,443
614,451
614,470
614,487
614,488
614,506
614,523
614,598
614,628
614,647
614,723
614,729
614,973
615,3
615,111
615,307
615,443
615,451
615,470
615,487
615,488
615,523
615,723
615,973
616,3
616,451
616,487
616,488
616,523
617,3
617,111
617,247
617,443
617,451
617,487
617,488
617,523
617,598
617,628
617,634
617,729
617,764
618,3
618,26
618,111
618,238
618,451
618,487
618,488
618,506
618,523
618,570
619,3
619,48
619,111
619,451
619,470
619,487
619,488
619,523
619,610
619,885
620,147
620,402
620,598
620,628
620,764
620,778
621,3
621,111
621,451
621,480
621,523
621,629
621,634
621,647
621,738
621,764
621,950
621,998
622,26
622,238
622,570
622,628
623,402
623,738
623,764
623,778
624,3
624,111
624,451
624,487
624,488
624,523
625,3
625,111
625,169
625,307
625,423
625,432
625,443
625,451
625,470
625,487
625,488
625,523
625,647
625,723
625,738
625,764
625,973
626,26
626,238
626,570
626,628
626,647
626,738
626,764
627,3
627,111
627,402
627,451
627,487
627,488
627,506
627,523
627,778
628,26
628,238
628,307
628,443
628,470
628,570
628,628
628,723
629,26
629,238
629,570
629,628
630,3
630,111
630,451
630,487
630,488
630,523
631,26
631,238
631,307
631,470
631,570
631,598
631,628
631,723
631,729
631,973
632,3
632,111
632,443
632,451
632,470
632,487
632,488
632,523
632,723
632,973
633,247
633,307
633,402
633,443
633,470
633,634
633,723
633,973
634,3
634,111
634,402
634,451
634,487
634,488
634,523
634,778
635,26
635,238
635,247
635,307
635,443
635,470
635,570
635,628
635,634
635,723
635,973
636,3
636,111
636,247
636,443
636,451
636,470
636,487
636,488
636,523
636,634
637,48
637,610
637,885
637,973
638,3
638,111
638,487
638,488
638,523
639,26
639,169
639,238
639,423
639,432
639,443
639,470
639,506
639,570
639,595
639,628
639,647
639,723
639,973
640,3
640,111
640,247
640,443
640,451
640,487
640,488
640,523
640,634
641,598
641,628
641,729
642,3
642,111
642,451
642,487
642,488
642,523
643,3
643,26
643,111
643,238
643,451
643,487
643,488
643,523
643,570
643,628
644,307
644,443
644,470
644,723
644,738
644,764
644,973
645,3
645,26
645,111
645,169
645,238
645,451
645,480
645,487
645,488
645,523
645,570
645,628
645,629
645,634
645,647
645,950
645,998
646,506
646,595
646,598
646,628
646,647
646,729
646,764
647,3
647,111
647,451
647,487
647,488
647,523
648,480
648,629
648,634
648,950
648,998
649,3
649,26
649,111
649,238
649,451
649,487
649,488
649,523
649,570
649,628
649,803
649,826
649,883
650,48
650,169
650,423
650,432
650,470
650,506
650,598
650,610
650,628
650,647
650,885
650,973
651,111
651,451
651,487
651,488
651,523
652,26
652,169
652,238
652,402
652,423
652,432
652,570
652,598
652,628
652,647
652,729
652,778
653,3
653,111
653,169
653,307
653,423
653,432
653,451
653,470
653,487
653,488
653,523
653,647
653,723
653,973
654,506
654,595
654,764
655,26
655,71
655,238
655,266
655,338
655,402
655,570
655,628
656,3
656,111
656,307
656,443
656,451
656,487
656,488
656,523
656,723
657,111
657,451
657,487
657,488
657,523
658,26
658,238
658,480
658,570
658,628
658,629
658,634
658,950
658,998
659,3
659,111
659,451
659,487
659,488
659,523
660,3
660,111
660,307
660,443
660,451
660,470
660,487
660,488
660,523
660,723
660,973
661,3
661,111
661,451
661,480
661,487
661,488
661,523
661,629
661,634
661,950
661,998
662,222
662,444
662,480
662,487
662,629
662,634
662,950
662,998
663,3
663,26
663,111
663,238
663,451
663,480
663,487
663,488
663,523
663,570
663,628
663,629
663,634
663,950
663,998
664,26
664,238
664,307
664,443
664,470
664,570
664,628
664,723
664,973
665,3
665,111
665,169
665,307
665,423
665,432
665,470
665,487
665,488
665,506
665,523
665,647
665,723
665,973
666,3
666,48
666,111
666,247
666,402
666,443
666,451
666,470
666,487
666,488
666,523
666,634
666,778
666,885
666,973
667,169
667,238
667,395
667,423
667,432
667,598
667,628
667,729
668,247
668,443
668,470
668,634
669,3
669,111
669,451
669,487
669,488
669,523
670,3
670,111
670,247
670,402
670,443
670,451
670,470
670,487
670,488
670,523
670,634
670,705
670,778
670,961
671,3
671,26
671,111
671,238
671,307
671,443
671,451
671,470
671,487
671,488
671,523
671,570
671,595
671,628
671,723
671,764
671,973
672,48
672,147
672,238
672,395
672,470
672,610
672,764
672,857
672,885
672,973
673,307
673,443
673,470
673,480
673,629
673,634
673,723
673,950
673,973
673,998
674,3
674,111
674,169
674,423
674,432
674,451
674,487
674,488
674,523
674,598
674,628
674,647
674,729
675,3
675,111
675,307
675,402
675,443
675,451
675,470
675,480
675,487
675,488
675,506
675,523
675,629
675,634
675,705
675,723
675,950
675,973
675,998
676,3
676,111
676,402
676,451
676,487
676,488
676,523
676,778
677,26
677,238
677,506
677,570
677,628
678,3
678,111
678,451
678,487
678,488
678,523
678,595
678,764
679,307
679,443
679,470
679,647
679,723
679,738
679,973
680,26
680,238
680,570
680,628
681,480
681,506
681,595
681,629
681,634
681,764
681,950
681,998
682,3
682,26
682,111
682,238
682,443
682,451
682,470
682,487
682,523
682,570
682,595
682,628
682,647
682,723
682,738
682,764
682,973
683,570
683,628
683,826
683,883
684,3
684,26
684,111
684,238
684,395
684,451
684,487
684,488
684,523
684,570
684,628
685,3
685,111
685,451
685,487
685,488
685,506
685,523
686,238
686,307
686,443
686,470
686,570
686,628
686,647
686,705
686,723
686,738
686,764
686,973
687,71
687,111
687,238
687,266
687,338
687,395
687,402
687,451
687,487
687,488
687,506
687,523
687,738
688,169
688,238
688,247
688,423
688,432
688,506
688,570
688,578
688,598
688,628
688,647
688,729
689,147
689,169
689,423
689,432
689,647
689,764
689,857
690,3
690,26
690,111
690,238
690,451
690,487
690,488
690,523
690,570
690,628
690,647
690,738
690,764
691,247
691,402
691,443
691,470
691,480
691,629
691,634
691,705
691,950
691,961
691,998
692,238
692,480
692,629
692,634
692,950
692,998
693,169
693,307
693,423
693,432
693,443
693,470
693,723
693,973
694,3
694,111
694,451
694,470
694,487
694,488
694,523
694,634
695,3
695,111
695,307
695,443
695,451
695,470
695,487
695,488
695,523
695,723
695,973
696,3
696,26
696,111
696,238
696,451
696,487
696,488
696,523
696,570
696,628
697,3
697,111
697,451
697,487
697,488
697,523
697,598
697,628
697,729
698,26
698,238
698,480
698,570
698,595
698,628
698,629
698,634
698,764
698,998
699,3
699,111
699,307
699,443
699,451
699,470
699,487
699,488
699,523
699,723
699,973
700,3
700,111
700,247
700,443
700,451
700,470
700,487
700,488
700,523
700,634
700,647
700,723
700,738
700,764
700,973
701,3
701,111
701,451
701,487
701,488
701,598
701,628
701,729
702,3
702,111
702,451
702,480
702,487
702,488
702,523
702,634
702,950
703,3
703,111
703,451
703,487
703,488
703,523
704,3
704,111
704,169
704,307
704,423
704,432
704,443
704,451
704,470
704,487
704,488
704,506
704,523
704,647
704,723
704,738
704,764
704,973
705,3
705,111
705,307
705,443
705,451
705,470
705,487
705,488
705,523
705,723
706,3
706,26
706,111
706,238
706,402
706,451
706,487
706,488
706,523
706,570
706,628
706,778
707,169
707,423
707,432
707,480
707,629
707,634
707,647
707,738
707,764
707,950
707,998
708,3
708,26
708,111
708,238
708,451
708,487
708,488
708,506
708,523
708,570
708,628
709,26
709,111
709,451
709,487
709,488
709,506
709,523
709,570
709,628
710,3
710,111
710,307
710,443
710,451
710,470
710,487
710,488
710,506
710,523
710,723
710,973
711,3
711,111
711,307
711,402
711,443
711,451
711,470
711,487
711,488
711,523
711,723
711,778
711,973
712,402
712,480
712,570
712,595
712,628
712,629
712,634
712,764
712,778
712,803
712,826
712,883
712,950
712,998
713,3
713,111
713,402
713,451
713,487
713,488
713,523
714,26
714,238
714,247
714,402
714,443
714,470
714,570
714,628
714,634
714,647
714,738
714,764
714,778
715,247
715,402
715,443
715,470
715,598
715,628
715,634
715,705
715,729
715,778
715,961
716,402
716,778
717,3
717,111
717,451
717,487
717,488
717,523
717,647
717,764
718,3
718,111
718,222
718,307
718,443
718,444
718,451
718,470
718,487
718,488
718,523
718,723
718,913
718,973
719,3
719,111
719,307
719,443
719,451
719,487
719,488
719,523
719,973
719,998
720,3
720,111
720,451
720,487
720,488
720,523
720,764
721,3
721,111
721,451
721,480
721,487
721,488
721,523
721,629
721,634
721,950
721,998
722,26
722,238
722,247
722,443
722,470
722,480
722,570
722,595
722,598
722,628
722,629
722,634
722,764
722,950
722,998
723,3
723,111
723,169
723,451
723,487
723,488
723,523
723,647
724,3
724,26
724,111
724,238
724,451
724,480
724,487
724,488
724,523
724,570
724,628
724,629
724,634
724,950
724,998
725,3
725,111
725,402
725,451
725,487
725,488
725,523
725,705
725,961
726,402
726,647
726,738
726,764
726,778
727,26
727,238
727,480
727,570
727,628
727,629
727,634
727,950
727,998
728,3
728,111
728,451
728,487
728,488
728,523
729,147
729,238
729,395
729,598
729,628
729,729
729,764
729,857
730,3
730,26
730,111
730,238
730,451
730,487
730,488
730,523
730,570
730,628
731,3
731,48
731,111
731,147
731,451
731,470
731,480
731,487
731,488
731,523
731,595
731,610
731,629
731,634
731,647
731,738
731,764
731,857
731,973
731,998
732,307
732,443
732,470
732,595
732,723
732,764
732,973
733,629
733,634
733,950
733,998
734,3
734,451
734,487
734,488
734,523
734,570
734,595
734,628
734,764
734,803
734,826
734,883
735,26
735,238
735,506
735,570
735,628
735,647
736,3
736,111
736,451
736,487
736,488
736,523
736,647
736,738
736,764
737,3
737,111
737,402
737,451
737,487
737,488
737,523
737,595
737,738
737,764
738,3
738,71
738,111
738,266
738,338
738,451
738,487
738,488
738,738
739,3
739,111
739,307
739,443
739,451
739,470
739,487
739,488
739,523
739,595
739,723
739,973
740,307
740,443
740,470
740,723
740,973
741,26
741,238
741,480
741,506
741,570
741,628
741,629
741,634
741,729
741,950
741,998
742,3
742,111
742,238
742,451
742,488
742,523
742,570
742,628
743,111
743,451
743,487
743,488
743,523
744,3
744,26
744,111
744,238
744,451
744,487
744,488
744,523
744,570
744,628
745,402
745,506
745,705
745,961
746,247
746,443
746,470
746,634
746,764
747,480
747,629
747,634
747,950
747,998
748,3
748,111
748,451
748,487
748,488
748,523
748,647
748,738
748,764
749,3
749,111
749,169
749,423
749,451
749,487
749,488
749,523
749,647
750,3
750,111
750,197
750,307
750,402
750,443
750,451
750,470
750,487
750,488
750,523
750,634
750,723
750,738
750,764
750,778
750,973
750,998
751,3
751,111
751,451
751,487
751,488
751,523
751,595
752,3
752,111
752,451
752,487
752,488
752,523
753,3
753,111
753,451
753,487
753,488
753,523
753,647
753,738
753,764
754,3
754,111
754,451
754,487
754,488
754,523
754,647
754,738
754,764
755,3
755,26
755,111
755,238
755,307
755,402
755,443
755,451
755,470
755,487
755,488
755,523
755,570
755,628
755,723
755,778
755,973
756,3
756,111
756,451
756,480
756,487
756,488
756,523
756,629
756,634
756,950
756,998
757,3
757,111
757,451
757,487
757,488
757,523
758,443
758,470
758,595
758,598
758,628
758,634
758,729
758,764
759,3
759,111
759,451
759,487
759,488
759,523
759,647
759,738
759,764
760,3
760,111
760,443
760,451
760,470
760,480
760,487
760,488
760,523
760,634
760,950
761,3
761,111
761,451
761,487
761,488
761,523
761,595
761,598
761,628
761,729
761,764
762,3
762,111
762,307
762,443
762,451
762,470
762,487
762,488
762,523
762,595
762,628
762,723
762,729
762,764
762,973
763,3
763,111
763,451
763,480
763,487
763,488
763,629
763,634
763,647
763,764
763,950
763,998
764,3
764,111
764,247
764,443
764,451
764,487
764,488
764,523
764,634
765,3
765,111
765,451
765,487
765,488
765,523
766,111
766,222
766,238
766,444
766,487
766,506
766,570
766,628
766,647
766,738
766,764
766,913
767,26
767,238
767,247
767,443
767,470
767,570
767,628
767,634
768,48
768,247
768,443
768,470
768,595
768,610
768,634
768,764
768,885
768,973
769,3
769,111
769,402
769,451
769,487
769,488
769,523
769,778
770,3
770,111
770,451
770,487
770,488
770,523
770,598
770,628
770,647
770,738
770,764
771,3
771,26
771,111
771,238
771,451
771,487
771,488
771,523
771,570
771,628
772,3
772,111
772,451
772,487
772,488
772,595
772,647
772,738
772,764
773,3
773,111
773,307
773,443
773,451
773,470
773,480
773,487
773,488
773,506
773,523
773,629
773,723
773,950
773,973
773,998
774,3
774,111
774,451
774,487
774,488
774,523
775,3
775,26
775,111
775,238
775,451
775,487
775,488
775,523
775,570
775,628
776,3
776,111
776,451
776,487
776,488
776,523
777,26
777,197
777,238
777,402
777,480
777,570
777,595
777,598
777,628
777,634
777,705
777,729
777,764
777,961
777,998
778,3
778,26
778,111
778,238
778,395
778,451
778,487
778,488
778,506
778,523
778,570
778,628
779,3
779,111
779,402
779,451
779,487
779,488
779,523
779,595
779,705
779,764
779,961
780,480
780,629
780,634
780,950
780,998
781,3
781,111
781,147
781,402
781,451
781,480
781,487
781,488
781,523
781,629
781,634
781,705
781,764
781,857
781,950
781,998
782,3
782,111
782,169
782,307
782,423
782,432
782,443
782,451
782,470
782,487
782,488
782,523
782,598
782,628
782,647
782,723
782,729
782,973
783,3
783,111
783,307
783,443
783,451
783,470
783,480
783,487
783,488
783,506
783,523
783,723
783,973
784,402
784,506
784,595
784,764
784,778
785,307
785,443
785,470
785,480
785,629
785,634
785,647
785,723
785,738
785,764
785,973
786,26
786,238
786,247
786,402
786,506
786,570
786,578
786,628
786,647
786,729
786,738
786,764
786,778
787,3
787,111
787,169
787,238
787,395
787,423
787,432
787,451
787,480
787,487
787,488
787,523
787,629
787,634
788,26
788,238
788,247
788,307
788,443
788,470
788,570
788,628
788,634
788,723
789,595
790,3
790,111
790,451
790,487
790,488
790,523
791,48
791,470
791,506
791,595
791,610
791,628
791,729
791,764
791,885
791,973
792,247
792,506
792,578
792,647
792,738
792,764
793,3
793,111
793,451
793,480
793,487
793,488
793,523
793,629
793,634
793,647
793,764
793,950
793,998
794,3
794,111
794,307
794,402
794,443
794,451
794,470
794,487
794,488
794,523
794,705
794,723
794,961
794,973
795,307
795,443
795,470
795,506
795,723
795,973
796,3
796,111
796,247
796,443
796,451
796,470
796,487
796,488
796,634
797,506
797,598
797,628
797,729
797,778
798,3
798,111
798,147
798,451
798,487
798,488
798,523
798,764
798,857
799,3
799,111
799,169
799,402
799,423
799,432
799,451
799,487
799,488
799,506
799,523
799,634
799,647
799,778
800,3
800,111
800,451
800,487
800,488
800,506
800,523
800,598
800,628
800,647
800,729
800,738
800,764
801,3
801,111
801,402
801,451
801,480
801,487
801,488
801,523
801,629
801,634
801,778
801,950
801,998
802,3
802,111
802,197
802,451
802,487
802,488
802,523
802,595
802,634
802,647
802,738
802,764
802,998
803,3
803,111
803,307
803,443
803,451
803,470
803,480
803,487
803,488
803,523
803,629
803,634
803,723
803,950
803,973
804,3
804,26
804,111
804,238
804,451
804,480
804,487
804,488
804,506
804,523
804,570
804,595
804,628
804,629
804,634
804,764
804,998
805,3
805,111
805,307
805,443
805,451
805,470
805,487
805,488
805,506
805,523
805,598
805,628
805,723
805,729
805,973
806,3
806,26
806,111
806,238
806,402
806,451
806,487
806,488
806,523
806,570
806,628
806,778
807,247
807,307
807,443
807,470
807,506
807,578
807,723
807,973
808,3
808,111
808,451
808,487
808,488
808,523
808,647
808,738
808,764
809,3
809,111
809,247
809,402
809,443
809,451
809,470
809,487
809,488
809,523
809,634
809,705
809,961
810,3
810,111
810,307
810,443
810,451
810,470
810,487
810,488
810,523
810,723
810,973
811,26
811,238
811,307
811,443
811,470
811,570
811,628
811,647
811,723
811,738
811,764
811,973
812,3
812,111
812,443
812,451
812,470
812,487
812,488
812,523
812,598
812,628
812,723
812,729
812,973
813,26
813,238
813,307
813,443
813,470
813,480
813,570
813,628
813,629
813,634
813,723
813,950
813,973
813,998
814,26
814,238
814,443
814,480
814,570
814,628
814,629
814,634
814,723
814,950
814,998
815,26
815,238
815,570
815,628
815,629
815,634
815,647
815,738
815,764
815,950
815,998
816,3
816,111
816,147
816,247
816,443
816,451
816,470
816,487
816,488
816,523
816,634
816,764
816,857
817,307
817,443
817,470
817,723
817,973
818,3
818,111
818,307
818,451
818,470
818,487
818,488
818,506
818,523
818,723
818,973
819,3
819,111
819,451
819,480
819,487
819,506
819,523
819,628
819,629
819,634
819,998
820,26
820,238
820,570
820,628
821,3
821,71
821,111
821,266
821,338
821,402
821,451
821,487
821,488
821,523
821,738
822,26
822,238
822,247
822,443
822,470
822,570
822,628
822,629
822,634
822,950
822,998
823,3
823,111
823,307
823,443
823,451
823,470
823,487
823,488
823,523
823,723
823,973
824,3
824,26
824,238
824,451
824,480
824,487
824,488
824,523
824,570
824,595
824,628
824,629
824,634
824,764
824,950
824,998
825,26
825,238
825,480
825,506
825,570
825,629
825,634
825,647
825,738
825,764
825,998
826,3
826,111
826,307
826,443
826,451
826,470
826,487
826,488
826,523
826,723
827,3
827,111
827,402
827,451
827,487
827,488
827,506
827,523
827,647
827,705
827,738
827,764
827,961
828,3
828,71
828,111
828,266
828,402
828,451
828,487
828,488
828,523
828,738
829,3
829,111
829,238
829,395
829,451
829,487
829,488
829,523
830,3
830,111
830,451
830,487
830,488
830,506
830,523
831,3
831,111
831,451
831,487
831,488
831,523
832,3
832,111
832,451
832,487
832,488
832,506
832,523
832,595
832,764
833,3
833,111
833,402
833,451
833,487
833,488
833,506
833,523
833,578
833,647
833,738
833,764
833,778
834,247
834,443
834,470
834,506
834,634
834,973
835,3
835,111
835,238
835,451
835,480
835,487
835,488
835,523
835,595
835,629
835,634
835,764
835,950
836,247
836,443
836,470
836,634
836,778
837,3
837,111
837,451
837,487
837,488
837,523
838,26
838,238
838,480
838,570
838,595
838,628
838,629
838,634
838,764
838,950
838,998
839,3
839,26
839,111
839,238
839,307
839,402
839,443
839,451
839,470
839,487
839,488
839,523
839,570
839,628
839,723
839,973
840,3
840,111
840,402
840,451
840,480
840,487
840,488
840,523
840,629
840,634
840,778
840,950
840,998
841,26
841,238
841,570
842,247
842,443
842,470
842,634
843,3
843,111
843,307
843,443
843,451
843,470
843,487
843,488
843,523
843,723
843,973
844,3
844,111
844,247
844,402
844,443
844,451
844,470
844,487
844,488
844,523
844,634
844,778
845,3
845,111
845,451
845,487
845,488
845,523
846,3
846,111
846,247
846,443
846,451
846,470
846,487
846,488
846,523
846,634
847,26
847,238
847,247
847,402
847,443
847,470
847,570
847,628
847,634
847,778
848,480
848,629
848,634
848,950
848,998
849,480
849,629
849,634
849,950
849,998
850,26
850,238
850,247
850,443
850,470
850,570
850,628
850,634
851,3
851,111
851,402
851,451
851,487
851,488
851,523
851,778
852,247
852,443
852,470
852,634
853,3
853,111
853,402
853,451
853,487
853,488
853,523
853,778
854,3
854,111
854,451
854,487
854,488
854,523
855,26
855,238
855,570
855,628
855,803
855,826
855,883
856,3
856,26
856,111
856,238
856,451
856,487
856,488
856,523
856,570
856,628
857,238
857,307
857,443
857,451
857,470
857,487
857,488
857,523
857,570
857,598
857,628
857,723
857,973
858,247
858,443
858,470
858,570
858,628
858,634
858,803
858,826
858,883
859,3
859,26
859,111
859,238
859,451
859,487
859,488
859,506
859,523
859,570
859,628
860,238
860,395
860,480
860,595
860,629
860,634
860,647
860,738
860,764
860,950
860,998
861,247
861,443
861,470
861,634
862,26
862,147
862,238
862,402
862,570
862,595
862,628
862,764
862,857
863,3
863,111
863,451
863,487
863,523
864,26
864,238
864,247
864,443
864,470
864,570
864,598
864,628
864,634
864,647
864,729
865,26
865,238
865,395
865,570
865,595
865,628
865,764
866,3
866,111
866,451
866,487
866,488
866,523
867,26
867,238
867,402
867,480
867,506
867,570
867,598
867,628
867,629
867,634
867,729
867,778
867,998
868,480
868,506
868,629
868,634
868,998
869,3
869,26
869,111
869,238
869,402
869,451
869,480
869,487
869,488
869,523
869,570
869,628
869,629
869,634
869,778
869,950
869,998
870,3
870,111
870,451
870,480
870,487
870,488
870,523
870,629
870,634
870,764
870,950
870,998
871,3
871,26
871,111
871,238
871,451
871,487
871,488
871,523
871,570
871,598
871,628
871,729
872,26
872,238
872,506
872,570
872,595
872,628
872,764
873,26
873,71
873,266
873,338
873,402
873,506
873,570
873,628
873,738
874,307
874,443
874,470
874,647
874,723
874,738
874,764
874,973
875,3
875,111
875,451
875,487
875,488
875,523
876,3
876,111
876,451
876,480
876,487
876,488
876,506
876,523
876,629
876,634
876,950
876,998
877,197
877,595
877,598
877,628
877,729
877,764
877,998
878,595
878,764
879,3
879,111
879,451
879,480
879,487
879,488
879,523
879,598
879,628
879,629
879,634
879,729
879,950
879,998
880,3
880,111
880,451
880,487
880,488
880,523
880,647
880,738
880,764
881,506
881,598
881,628
881,729
882,3
882,111
882,451
882,487
882,488
882,506
882,523
882,595
882,764
883,3
883,111
883,451
883,487
883,488
883,523
884,3
884,111
884,247
884,443
884,451
884,487
884,488
884,506
884,523
884,778
885,506
885,570
885,595
885,598
885,628
885,729
885,738
885,764
885,803
885,826
885,883
886,3
886,111
886,451
886,480
886,487
886,488
886,523
886,595
886,629
886,634
886,764
886,950
886,998
887,3
887,111
887,402
887,451
887,480
887,487
887,488
887,628
887,634
887,729
887,950
887,998
888,197
888,506
888,598
888,628
888,634
888,729
888,998
889,3
889,111
889,402
889,451
889,487
889,523
889,705
889,961
890,3
890,111
890,451
890,487
890,488
891,3
891,111
891,443
891,451
891,470
891,487
891,488
891,523
891,723
891,973
892,3
892,402
892,451
892,487
892,488
892,523
892,705
892,961
893,3
893,111
893,451
893,487
893,488
893,506
893,523
893,595
893,764
894,26
894,238
894,480
894,570
894,628
894,629
894,634
894,950
894,998
895,169
895,423
895,432
895,506
895,647
895,738
895,764
896,3
896,111
896,307
896,443
896,451
896,470
896,487
896,488
896,523
896,723
896,973
897,147
897,169
897,423
897,432
897,647
897,764
897,857
898,48
898,443
898,470
898,598
898,610
898,628
898,647
898,723
898,729
898,738
898,764
898,885
898,973
899,3
899,111
899,451
899,487
899,488
899,523
900,402
900,506
900,595
900,647
900,738
900,764
901,3
901,111
901,451
901,487
901,488
901,523
902,3
902,111
902,451
902,487
902,488
902,523
903,480
903,570
903,628
903,629
903,634
903,803
903,826
903,883
904,3
904,111
904,247
904,443
904,451
904,470
904,487
904,488
904,506
904,523
904,595
904,634
904,647
904,764
905,3
905,111
905,451
905,487
905,488
905,523
906,3
906,111
906,307
906,443
906,451
906,470
906,487
906,488
906,523
906,723
906,973
907,3
907,26
907,111
907,238
907,451
907,487
907,488
907,523
907,570
907,628
908,3
908,111
908,307
908,402
908,443
908,451
908,470
908,487
908,488
908,523
908,723
908,778
908,973
909,3
909,111
909,307
909,443
909,451
909,487
909,488
909,523
909,598
909,628
909,729
909,973
910,3
910,111
910,451
910,488
910,523
910,570
910,595
910,598
910,628
910,729
910,764
910,803
910,826
910,883
911,307
911,402
911,443
911,470
911,595
911,723
911,764
911,778
912,26
912,197
912,238
912,480
912,570
912,628
912,629
912,634
912,778
912,950
912,998
913,595
913,598
913,729
913,764
914,71
914,266
914,338
914,402
914,738
915,3
915,111
915,247
915,443
915,451
915,470
915,487
915,488
915,523
915,629
915,634
915,950
916,307
916,443
916,470
916,570
916,628
916,723
916,803
916,826
916,883
916,973
917,595
917,629
917,634
917,950
917,998
918,480
918,598
918,628
918,629
918,634
918,647
918,729
918,764
918,950
918,998
919,26
919,238
919,247
919,443
919,470
919,570
919,628
919,647
919,738
919,764
920,3
920,111
920,307
920,443
920,470
920,487
920,488
920,523
920,723
920,973
921,3
921,111
921,247
921,443
921,451
921,470
921,487
921,488
921,523
921,634
921,647
921,764
922,3
922,111
922,451
922,487
922,488
922,506
922,523
922,598
922,628
922,729
923,3
923,111
923,307
923,443
923,451
923,470
923,487
923,488
923,523
923,723
923,973
924,3
924,48
924,111
924,402
924,451
924,470
924,480
924,487
924,488
924,523
924,610
924,629
924,634
924,705
924,885
924,950
924,961
924,973
924,998
925,3
925,111
925,451
925,487
925,488
926,3
926,111
926,451
926,488
926,523
926,595
926,647
926,738
926,764
926,778
927,3
927,111
927,451
927,487
927,488
927,523
928,3
928,111
928,402
928,451
928,487
928,488
928,506
928,523
928,705
928,961
929,443
929,470
929,506
929,723
929,973
930,48
930,470
930,598
930,610
930,628
930,729
930,885
930,973
931,307
931,402
931,443
931,470
931,705
931,723
931,778
931,961
931,973
932,26
932,238
932,570
932,628
932,764
933,3
933,111
933,402
933,451
933,480
933,487
933,488
933,506
933,523
933,629
933,634
933,647
933,764
933,778
933,998
934,3
934,111
934,451
934,480
934,487
934,488
934,523
934,629
934,634
934,647
934,738
934,764
934,950
934,998
935,169
935,307
935,402
935,423
935,432
935,443
935,470
935,506
935,647
935,723
935,778
935,973
936,3
936,26
936,111
936,238
936,247
936,443
936,451
936,470
936,487
936,488
936,506
936,523
936,570
936,628
936,634
937,307
937,480
937,629
937,634
937,723
937,950
937,973
937,998
938,3
938,26
938,111
938,238
938,395
938,451
938,487
938,488
938,523
938,570
938,628
938,647
939,26
939,238
939,307
939,443
939,470
939,480
939,570
939,598
939,628
939,629
939,634
939,723
939,729
939,950
939,973
939,998
940,3
940,111
940,451
940,480
940,487
940,488
940,523
940,629
940,634
940,950
940,998
941,3
941,111
941,307
941,443
941,451
941,470
941,487
941,488
941,523
941,723
941,973
942,3
942,111
942,451
942,487
942,488
942,523
942,598
942,628
943,3
943,307
943,443
943,451
943,470
943,487
943,488
943,523
943,723
943,973
944,26
944,238
944,307
944,402
944,443
944,470
944,570
944,598
944,628
944,723
944,729
944,778
944,973
945,3
945,111
945,402
945,451
945,487
945,488
945,523
945,961
946,3
946,111
946,451
946,487
946,488
946,523
946,595
946,647
946,738
946,764
947,3
947,111
947,247
947,402
947,443
947,451
947,470
947,480
947,487
947,488
947,523
947,629
947,634
947,778
947,950
947,998
948,26
948,238
948,395
948,402
948,423
948,432
948,570
948,598
948,629
948,634
948,729
948,778
948,950
948,998
949,3
949,111
949,451
949,487
949,488
949,523
950,26
950,147
950,238
950,402
950,570
950,628
950,764
950,778
950,857
951,3
951,111
951,169
951,222
951,423
951,432
951,444
951,451
951,487
951,488
951,523
951,647
951,913
952,26
952,111
952,222
952,238
952,247
952,444
952,487
952,570
952,578
952,598
952,628
952,729
952,913
953,247
953,443
953,470
953,634
954,3
954,26
954,111
954,238
954,451
954,487
954,488
954,523
954,570
954,628
955,402
955,705
955,738
955,764
955,961
956,3
956,111
956,402
956,451
956,487
956,488
956,523
956,647
956,738
956,764
957,26
957,169
957,238
957,402
957,423
957,432
957,480
957,570
957,628
957,629
957,634
957,647
957,778
957,950
957,998
958,3
958,111
958,402
958,451
958,487
958,488
958,523
958,629
958,634
958,778
958,950
958,998
959,3
959,26
959,111
959,238
959,451
959,487
959,488
959,523
959,570
959,628
960,3
960,111
960,451
960,487
960,488
960,523
961,26
961,238
961,247
961,307
961,443
961,470
961,570
961,634
961,723
961,973
962,3
962,111
962,451
962,487
962,488
962,523
962,647
962,738
962,764
963,26
963,238
963,307
963,443
963,470
963,506
963,570
963,628
963,723
963,973
964,3
964,111
964,451
964,480
964,487
964,488
964,506
964,523
964,598
964,628
964,629
964,634
964,647
964,729
964,738
964,764
964,950
964,998
965,3
965,26
965,111
965,238
965,307
965,451
965,470
965,487
965,488
965,523
965,570
965,598
965,628
965,729
965,973
966,3
966,111
966,222
966,444
966,451
966,487
966,488
966,523
966,628
966,729
966,913
967,3
967,111
967,451
967,480
967,487
967,488
967,506
967,523
967,629
967,634
967,950
967,998
968,3
968,111
968,423
968,451
968,487
968,488
968,523
968,647
969,3
969,111
969,402
969,451
969,487
969,488
969,523
969,595
969,764
969,778
970,3
970,111
970,402
970,451
970,487
970,488
970,523
970,778
971,3
971,111
971,451
971,487
971,488
971,506
971,523
971,598
971,628
971,729
972,247
972,506
972,578
972,598
972,628
972,729
973,480
973,629
973,634
973,950
973,998
974,247
974,480
974,578
974,598
974,628
974,629
974,634
974,729
974,998
975,3
975,111
975,402
975,451
975,487
975,488
975,523
975,598
975,628
975,647
975,729
975,738
975,764
975,778
976,3
976,111
976,307
976,402
976,443
976,451
976,470
976,487
976,488
976,523
976,705
976,723
976,973
977,3
977,111
977,451
977,480
977,487
977,488
977,523
977,629
977,634
977,647
977,738
977,764
977,950
977,998
978,3
978,111
978,247
978,443
978,451
978,470
978,480
978,487
978,488
978,523
978,598
978,634
978,729
978,950
979,3
979,451
979,487
979,488
979,523
980,3
980,111
980,451
980,480
980,487
980,488
980,523
980,629
980,634
980,950
980,998
981,26
981,238
981,402
981,570
981,628
981,705
981,778
981,961
982,26
982,147
982,169
982,238
982,402
982,423
982,432
982,506
982,570
982,628
982,647
982,764
982,778
982,857
983,169
983,307
983,423
983,432
983,470
983,647
983,723
984,3
984,111
984,487
984,488
984,523
985,3
985,111
985,247
985,443
985,451
985,470
985,487
985,488
985,523
985,598
985,628
985,634
985,729
986,3
986,111
986,307
986,443
986,451
986,470
986,487
986,488
986,523
986,595
986,723
986,764
986,973
987,3
987,111
987,247
987,451
987,470
987,487
987,488
987,523
987,598
987,628
987,634
987,729
987,738
987,764
988,3
988,111
988,451
988,487
988,488
988,523
989,3
989,111
989,451
989,487
989,488
989,523
990,3
990,111
990,451
990,487
990,488
990,506
990,523
990,598
990,628
990,729
991,480
991,629
991,950
992,3
992,111
992,451
992,487
992,488
992,523
992,595
992,764
